,307,181,302,92,38,305,72,306,59,233,99,193,110,8,274,73,223,265,301,183,127,11,154,298,23,204,247,51,157,10,259,158,54,138,96,144,104,69,295,182,106,151,153,159,300,205,263,52,61,269,88,142,166,252,261,309,194,22,286,197,172,78,289,249,313,186,228,284,314,58,87,128,79,170,89,55,132,35,248,126,243,297,244,56,42,229,21,105,190,288,317,29,62,50,141,131,213,318,201,150,152,108,24,216,165,129,103,185,296,135,264,316,210,64,271,175,28,262,123,241,161,260,112,36,149,220,113,315,2,80,188,187,122,70,109,111,43,257,14,90,145,236,282,33,277,7,304,100,312,18
307,0.0,-0.0032904672622680663,0.0003453922271728516,-0.003135275840759277,0.0002961301803588867,0.0011427927017211915,0.00023825645446777345,-0.0008234310150146484,0.00010619163513183593,-0.0004647970199584961,-0.0016774749755859375,-0.00024316787719726562,0.00010621070861816407,-0.001355738639831543,0.00019080638885498046,-0.0008310842514038086,-0.0014074182510375977,-0.0014812898635864257,-0.0009295177459716796,0.0016226720809936522,-0.0009167242050170898,-0.0019810867309570314,-0.0003690338134765625,-0.0007760238647460938,-0.0010142040252685547,-0.001117997169494629,-1.990318298339844e-05,-0.00026206016540527346,3.536701202392578e-05,-0.0014130496978759766,-0.0013881063461303712,-0.0008000898361206055,0.0009949493408203125,-0.0010746574401855468,-0.0013262510299682617,0.00028476715087890627,-0.0008133459091186524,-7.810592651367188e-05,-0.0004532909393310547,-0.00020829677581787109,-0.00017802715301513673,0.0003151369094848633,-0.0016715049743652344,0.0012510013580322265,-0.0006353282928466797,0.0008606863021850586,-0.0009647417068481445,-0.001776576042175293,-0.002147378921508789,-0.001303844451904297,-0.0001289987564086914,-0.0026508569717407227,0.00016894817352294922,0.0022385740280151368,-0.0015632200241088867,-0.00032413482666015625,-0.0010167741775512695,0.0019500064849853516,-0.0011768913269042968,-0.0009247064590454102,-0.0009682273864746094,-0.000591287612915039,0.0008063077926635742,-0.0005502891540527344,-0.001282663345336914,-0.0007799863815307617,0.00045838356018066404,-0.0011213111877441406,-4.6362876892089846e-05,-0.00088958740234375,-0.0019535017013549805,0.0010483455657958984,0.0012628364562988282,-0.0012762165069580078,-0.0011214494705200195,-0.0011980915069580078,-0.0020186519622802735,0.0005656242370605469,-0.000545053482055664,-0.0025979089736938477,-0.0011846542358398438,-0.00012444496154785157,-0.0007719516754150391,-0.0013883399963378906,-1.7642974853515625e-05,-0.001840653419494629,-0.0007946634292602539,-0.00016051769256591797,-0.0013536405563354492,0.001761641502380371,-0.0018602705001831055,6.021976470947266e-05,-0.0009862089157104492,-0.0002063941955566406,3.496170043945312e-05,-0.000823516845703125,-0.0024533557891845705,-0.0012273693084716797,0.00023487091064453125,0.000658884048461914,-0.0007206439971923828,0.0007062435150146484,0.001595010757446289,0.001894974708557129,-0.0005871820449829102,-0.002141413688659668,0.0010767078399658203,-0.00024271488189697265,0.000753011703491211,0.0006209182739257813,-0.0005220937728881836,0.0010196542739868164,-0.0015837478637695313,-0.0025223588943481447,0.002885103225708008,-0.0008208084106445312,-0.0005665349960327148,6.52313232421875e-05,4.697799682617187e-05,-0.001061086654663086,-0.0003417873382568359,-0.0008426189422607421,-0.0013749456405639647,0.0011699771881103515,0.0015569162368774415,3.803730010986328e-05,-0.0006424617767333984,-0.0005148744583129883,0.00031152248382568357,0.0002737903594970703,-4.8336982727050783e-05,-0.0010255193710327149,0.0007953214645385743,7.299423217773438e-05,-2.448558807373047e-05,0.00017257213592529298,-0.0016548824310302734,9.125709533691406e-05,-0.0014653587341308593,-0.002731480598449707,0.001960649490356445,-0.002181544303894043,-0.0007109832763671875,0.00041082859039306643,0.0012359094619750976,0.0005902624130249023,-0.0010961103439331055,-0.0005253934860229492,0.001349020004272461,-0.0007913494110107422
181,-0.0032904672622680663,0.0,-0.0030502986907958982,-0.000775904655456543,-0.001464700698852539,-0.0015751171112060548,-0.0005023002624511719,-0.003102726936340332,2.2139549255371094e-05,-0.0004885149002075195,-0.0009187793731689453,-0.0009261035919189453,-0.001033782958984375,-0.0023254966735839844,-0.0007558584213256836,-0.002365150451660156,-0.0026933813095092775,-0.003007349967956543,-0.0006738710403442383,0.00023467540740966796,-0.00035588264465332033,-0.0011846446990966797,-0.0023649263381958006,-0.0017302703857421874,-0.002628941535949707,-0.0039861202239990234,-0.0017126989364624023,-0.0006316614151000977,-0.001432523727416992,-0.002829446792602539,-0.0026928853988647462,-0.001571192741394043,-0.001032576560974121,0.001761918067932129,-0.0016339397430419921,-0.0001679706573486328,-0.0013521289825439453,-0.0018232202529907227,-0.0027875471115112304,-0.00015081405639648436,-0.0015945768356323243,-0.0023881673812866213,-0.0031645917892456055,-0.00020784378051757812,-6.263256072998047e-05,-0.0003555011749267578,-0.0008602714538574218,-0.0034470748901367187,-0.004656229019165039,-0.0032877016067504885,-0.001900472640991211,-0.003886542320251465,-0.0019602298736572264,0.0016443872451782228,-0.005888404846191406,-0.001274433135986328,-0.0016254711151123047,0.0009356069564819335,-0.0010096120834350586,-0.00215212345123291,-0.001905379295349121,-0.0018946361541748048,-0.00013888359069824218,-0.0014355087280273438,-0.0020503759384155273,-0.0005637168884277344,-0.002627248764038086,-0.004465188980102539,-0.00202911376953125,-0.003101296424865723,-0.002682557106018066,-0.002663993835449219,0.00022925376892089842,-0.0008434724807739258,-0.002731218338012695,-0.0010650205612182618,-0.0028858232498168946,-0.00036784172058105467,-0.0020000743865966797,-0.0016351890563964843,-0.0018429327011108398,-0.0006129598617553711,-0.0013602447509765624,-0.002054576873779297,-0.0001658153533935547,-0.0024077463150024413,-0.0018671607971191405,-0.0015741634368896485,-0.0018273067474365234,-0.0018441438674926757,-0.0037261438369750976,-0.0013262271881103516,-0.0009198999404907227,-0.0008082342147827148,-0.0014855051040649414,-0.00019536495208740233,-0.005108280181884766,-0.0016976547241210936,-0.00011799812316894532,0.00012049674987792968,-0.0019930553436279296,-0.0009271717071533203,0.00020243167877197264,-0.0006099510192871094,-0.001850285530090332,0.00018130779266357423,-0.0005117511749267578,-0.00021921157836914064,-0.00041533946990966796,9.736061096191407e-05,-0.0022469663619995115,-0.0006251382827758789,-0.003460531234741211,-0.0027721405029296877,-0.0008185577392578125,-0.0038141536712646483,-0.0003637981414794922,-0.0011653232574462891,-0.0008140420913696289,-0.0018196868896484374,0.0012940025329589843,5.627632141113281e-05,-0.003034319877624512,-0.00237645149230957,0.00042084217071533206,-0.0010869455337524413,-0.001068587303161621,-0.0019576168060302735,-0.0010760641098022461,-0.0014424991607666015,-0.00029513835906982424,-0.00029932498931884766,-0.0005284547805786133,-0.0001751279830932617,-0.00163299560546875,-0.0010044336318969726,-0.0019701290130615234,-0.0019322872161865235,-0.002819185256958008,-0.0032808589935302735,-0.0028122711181640626,-0.0025073003768920897,-0.00223081111907959,0.00040305137634277343,-0.0008360528945922851,-0.00112886905670166,-0.00046719074249267577,-0.0021686792373657227,6.67428970336914e-05,-0.0014507770538330078
302,0.0003453922271728516,-0.0030502986907958982,0.0,-0.0007652091979980469,0.0018384075164794922,0.001428985595703125,-0.0010304784774780274,-0.0021100091934204103,0.002263360023498535,-0.001723628044128418,-7.1668624877929684e-06,-0.0018033981323242188,-0.0004487037658691406,-0.0010312795639038086,0.0009100914001464843,0.00022797107696533202,0.00033765316009521485,-0.002929859161376953,-0.0014474868774414062,0.001673436164855957,-0.0028026914596557618,-0.00020302772521972655,-0.00124387264251709,8.259773254394531e-05,-0.0040556049346923825,-0.0006512022018432618,0.0012123394012451172,-0.0010456085205078126,-0.00023983955383300782,-0.002579317092895508,-6.289958953857422e-05,-0.0002819967269897461,-0.001418743133544922,0.0031351804733276366,0.0013649845123291015,-0.0030866336822509767,-0.0009345626831054688,0.001083073616027832,0.0037634944915771484,-0.0008627510070800781,0.0005284786224365234,-0.0005248832702636719,-0.0015955877304077149,0.0011270427703857422,0.0005413675308227539,-0.0002678823471069336,0.0008230495452880859,-0.0031618452072143554,-0.0016675519943237305,-0.0004628753662109375,-0.001500720977783203,-0.002313094139099121,0.00034298419952392576,0.0008240461349487305,-0.002688140869140625,0.002567324638366699,-0.001910080909729004,0.0026373004913330077,-0.0004494953155517578,-0.0027012157440185545,-0.00017078399658203126,0.0010524463653564453,-0.001561117172241211,-0.0005673074722290039,-0.002535576820373535,5.649089813232422e-05,-1.1076927185058594e-05,0.0006080722808837891,-0.000571131706237793,-0.00219937801361084,-0.001968398094177246,-0.0010009574890136718,-0.0016825580596923828,-0.0009723615646362305,-0.0005494356155395508,-0.00012276649475097655,-0.002577648162841797,0.001517009735107422,-6.438255310058594e-05,-0.0043464374542236325,0.0011198186874389648,0.0007140111923217774,0.0010010051727294923,-0.0010422945022583007,-0.00014883041381835938,-6.454944610595703e-05,-0.0006062555313110352,-0.0006752157211303711,0.00019972324371337892,-0.0018388223648071289,-0.0014431333541870116,-0.00036536216735839845,-0.00026012897491455077,0.0003813934326171875,0.000940103530883789,-0.0018422746658325196,-0.0022856855392456056,0.00040040969848632814,0.0009306907653808594,0.0010594606399536132,-0.001737055778503418,-0.0013637351989746094,0.0010860633850097656,0.0007933998107910157,-0.0001620626449584961,0.00013227939605712892,-4.444122314453125e-05,0.0028115463256835936,0.0037955951690673826,-0.00027930259704589844,-0.00044919490814208983,-0.0013028573989868164,-0.0020364570617675782,-0.0035319995880126955,0.0005321359634399414,-0.00015327930450439453,-0.0011011505126953126,-0.0004552221298217773,-0.0018449640274047852,-0.0009667301177978516,0.0003418397903442383,-0.0017372941970825195,-0.0009543085098266601,-9.240627288818359e-05,-0.0013596057891845704,0.0017567825317382811,0.0008544015884399414,-0.001545400619506836,0.001285877227783203,0.00046233177185058596,-0.0010561132431030273,-0.00019450664520263673,0.0020522975921630857,0.0003700733184814453,-0.0001398468017578125,-0.0009312772750854492,-0.0007317686080932618,-0.0003042316436767578,-0.0003935480117797852,-0.0015523576736450196,0.003261618614196777,-0.0009942102432250978,-0.0005305767059326172,0.002766008377075195,0.0010791301727294921,-0.0002241945266723633,-0.0017528200149536132,-0.0019317436218261718,-0.0007335615158081055,8.854866027832031e-05
92,-0.003135275840759277,-0.000775904655456543,-0.0007652091979980469,0.0,0.0003139066696166992,-0.0023056745529174806,0.0011423826217651367,-0.0002740049362182617,-0.0014511013031005859,-0.0018723964691162109,-0.0034268379211425783,-7.413864135742187e-05,0.0009425592422485352,0.002874174118041992,0.0002866220474243164,0.0016450357437133788,-0.003427457809448242,0.0007949542999267579,2.002239227294922e-05,-0.0013064765930175782,-0.0011504459381103515,0.0007354259490966797,-0.001462550163269043,0.0015155267715454101,0.0006871843338012696,-0.0004890346527099609,-0.003250703811645508,0.0007605600357055664,-0.0009900856018066407,0.0016571569442749023,0.00026468753814697267,0.0006117773056030273,0.00046772003173828125,-0.004101104736328125,0.0028664255142211914,-0.004368581771850586,-0.002431502342224121,0.000852971076965332,-0.0005825614929199219,9.820938110351563e-05,-0.000862894058227539,-0.001144719123840332,0.0008175849914550781,0.001195230484008789,0.00177030086517334,0.0015068769454956055,-6.897449493408203e-05,-0.0008844137191772461,-0.001389927864074707,-0.000589752197265625,-0.0001125478744506836,-0.0026152944564819336,0.000515432357788086,0.001495537757873535,0.001202836036682129,-0.001975698471069336,-0.0013659811019897461,-0.0012671947479248047,-0.0027002763748168947,0.00045859336853027344,-0.0012540292739868163,0.0018390369415283202,-0.00011250019073486328,0.0017256832122802734,-0.0023528385162353517,-0.0007008600234985351,-3.260135650634766e-05,0.0016247224807739258,0.003778986930847168,-0.0023957490921020508,0.0028481674194335937,-0.0014138603210449218,-1.568317413330078e-05,-0.00016500473022460938,-0.0006644725799560547,0.00018849372863769532,-0.0009285879135131836,0.003455204963684082,0.003322157859802246,-0.001727161407470703,-0.0005224657058715821,-0.0027060174942016603,0.002080731391906738,0.00027975082397460935,-0.004085593223571778,0.0011749267578125,0.0009404611587524414,0.0004482221603393555,0.0002016448974609375,-0.002015862464904785,0.002294726371765137,0.00033243656158447264,0.0014900732040405273,-0.001652975082397461,-5.156517028808594e-05,-0.0016905593872070313,-0.00316070556640625,-0.002526369094848633,0.0015593814849853517,-0.0005621576309204102,0.0007411289215087891,0.00034468650817871094,-0.0013118219375610352,0.0009379148483276367,-0.0009417390823364258,0.0013323116302490234,-0.0002968692779541016,3.594398498535156e-05,0.0014051485061645508,-0.0002701568603515625,-0.0007270383834838867,-0.000856165885925293,-0.0018675708770751953,-0.001790156364440918,-0.005400876998901367,-0.003387007713317871,-0.0001061248779296875,0.000802154541015625,0.0007825517654418946,0.001157388687133789,0.002439084053039551,0.0004333019256591797,-0.0033807277679443358,0.001663498878479004,-0.002135787010192871,0.00017008304595947266,0.0010167741775512695,0.00036215782165527344,0.0027217626571655273,0.0003529596328735352,0.0018268394470214843,0.00050567626953125,-0.0008555221557617188,-0.001030721664428711,0.0011055946350097656,-0.001058049201965332,0.0003311777114868164,0.0015834474563598633,0.0006705045700073243,-0.0015578174591064453,0.0016646146774291991,-0.0013082504272460937,-0.001986994743347168,-0.00039803504943847657,0.0016147756576538085,0.0007405424118041992,6.871223449707031e-05,0.00010688304901123047,0.0017388200759887696,0.0004058218002319336
38,0.0002961301803588867,-0.001464700698852539,0.0018384075164794922,0.0003139066696166992,0.0,0.0016234493255615234,0.0026808595657348633,-0.0025966787338256836,0.0013637876510620118,0.00101043701171875,0.0008731603622436524,6.509304046630859e-05,-0.0001707172393798828,0.001970176696777344,0.001708669662475586,-3.703594207763672e-05,-0.00012915611267089844,-0.0008452844619750977,0.001131453514099121,0.0017739009857177734,0.0019354629516601563,0.00019707202911376954,7.137298583984375e-05,0.0005017375946044922,0.0007786178588867188,-0.0022579050064086914,0.0015944671630859376,0.0007618618011474609,0.00027464866638183595,9.00554656982422e-05,-0.0006431245803833008,0.0006054019927978515,0.0025160884857177734,0.001990976333618164,-0.0009325742721557617,0.0006372404098510743,0.0019144153594970704,0.0007616806030273437,0.0008783817291259765,0.0008602571487426757,0.0005590581893920899,-0.0004206180572509766,-0.0008135461807250977,0.002718014717102051,0.0014061832427978516,0.0014637327194213868,0.0010103034973144532,-0.0015602064132690429,-0.001266469955444336,0.0012683200836181641,0.00017377376556396485,-0.0016885042190551759,0.000974888801574707,0.004173722267150879,-0.0020603036880493166,0.0007771825790405273,0.0013347530364990234,0.002975149154663086,-0.00028934955596923826,0.0025418901443481443,0.0013463783264160156,0.00034899234771728515,0.000708770751953125,-0.000578761100769043,-0.00017321109771728516,0.0007960081100463867,0.0002074289321899414,0.0011933231353759765,0.0012122631072998048,-0.00023412227630615235,-0.0022674894332885744,0.0008629703521728515,0.0025490140914916993,0.0019331502914428712,-0.0009557628631591797,-0.00016582965850830077,-0.0011284399032592774,0.0009275674819946289,-0.0010726070404052735,-0.0009296464920043945,-6.680488586425781e-06,0.0024036216735839845,0.00018971920013427735,0.00021509170532226562,0.002312159538269043,-0.0012833070755004883,-0.0019529438018798828,0.0003564643859863281,-0.0016160297393798828,0.0022156572341918944,-0.0035029554367065428,0.0011708927154541015,-0.0006934261322021485,0.0017589044570922852,0.00018396854400634766,-0.0007138872146606446,-0.0023543262481689454,0.0009215641021728516,0.0017692852020263672,0.0038370370864868166,-0.001731748580932617,0.0010263586044311523,0.0038228607177734374,0.001978583335876465,-0.0011439561843872071,0.001835341453552246,0.0005630064010620117,0.0015891647338867187,0.0016207504272460938,0.0019479894638061524,0.00021018028259277342,0.000829014778137207,-0.0012727165222167968,-0.003563332557678223,0.0059873247146606445,-0.0013691806793212891,0.0007128334045410157,-0.000720367431640625,0.0011978387832641602,-0.0006974458694458008,0.0027169322967529295,-6.326675415039063e-05,-0.0004848194122314453,-0.0008439874649047852,0.0010593891143798827,0.0005760478973388672,-1.5435218811035155e-05,0.0009278583526611328,0.0009732198715209961,0.0001195526123046875,0.0006162166595458984,0.0015149831771850586,-0.00011037349700927734,0.0017196273803710938,-0.0007278633117675782,0.0008493280410766602,-0.0029024410247802733,0.0009674596786499024,-0.0007109165191650391,-0.001709308624267578,0.0006623983383178711,-3.719329833984375e-06,-0.0022936296463012696,0.0006886386871337891,0.0014673280715942383,0.0001470518112182617,-0.0014803075790405273,-0.0007168054580688477,-0.0006180477142333985,-0.00018376827239990234
305,0.0011427927017211915,-0.0015751171112060548,0.001428985595703125,-0.0023056745529174806,0.0016234493255615234,0.0,-0.00011075973510742188,-0.0005359649658203125,-0.00023726940155029296,0.0004336690902709961,-2.9659271240234374e-06,-0.0002439260482788086,0.0010528182983398438,4.854679107666016e-05,0.0006274223327636719,-0.001123509407043457,-0.0009157848358154297,-0.0011766195297241212,-0.0004590892791748047,0.0013760852813720704,0.000735616683959961,-0.0006362247467041016,5.595207214355469e-05,0.00026119709014892577,-0.00288358211517334,-0.0016798686981201172,0.0016749477386474609,0.00013593673706054687,0.0002719688415527344,-0.0011603736877441406,-0.0016982603073120118,-0.0005447244644165039,0.0013594341278076172,0.0009313344955444336,-0.0010568952560424804,-0.0002339458465576172,0.0012845754623413085,0.0017634677886962892,0.0005633783340454102,-0.001009206771850586,0.0007397174835205078,0.0002791261672973633,-0.0003149223327636719,0.00179656982421875,0.00020583629608154298,0.0003662538528442383,-0.0005364274978637695,-0.0030162429809570315,-0.0029129457473754884,-0.0016855573654174804,-0.0004448223114013672,0.00023650169372558595,0.0010517263412475586,0.00148529052734375,-0.0024722909927368166,0.0011602449417114258,0.0006227397918701172,0.0019011211395263672,-0.0014720726013183593,-0.0005304384231567383,-0.0004659891128540039,0.0006016778945922851,-0.0010387992858886719,-0.00141571044921875,0.0003764486312866211,-0.0011582136154174804,-0.0006440067291259765,0.0006339883804321289,-0.00020203590393066406,0.0006696796417236328,-0.001378917694091797,-0.00010979175567626953,0.0020960092544555662,-0.0005110406875610352,-0.00111480712890625,-0.0014098691940307617,-0.0007116794586181641,0.00037186145782470704,-0.0022642135620117186,-0.0028194475173950197,0.0007295751571655273,0.00137728214263916,-0.000735616683959961,0.0010038566589355468,0.0023023176193237307,-0.0007100439071655273,-0.0011272048950195313,-0.0009830141067504884,-0.00039347648620605466,0.0016057968139648437,-0.0014062976837158202,-0.0009813213348388672,-0.0012433147430419922,0.00043578624725341795,-0.0004079294204711914,3.421306610107422e-05,-0.0017875099182128905,0.0004938650131225586,0.0012534093856811524,0.0015651226043701173,-0.00039551258087158205,8.996009826660156e-05,0.0024228477478027343,0.00046263694763183595,0.001293349266052246,0.0011154413223266602,0.0008693599700927735,-0.00043813228607177736,0.0028192949295043944,-8.234977722167968e-05,-0.000627894401550293,0.0004817390441894531,-0.002354860305786133,-0.0004729461669921875,0.00370976448059082,-0.0003922557830810547,0.0007802772521972656,0.0013793134689331055,-0.0004646587371826172,-0.001370697021484375,0.0009175205230712891,-0.0009662389755249023,-0.0014826059341430664,-3.8356781005859374e-05,0.00010914325714111327,2.2988319396972657e-05,-0.0010245466232299805,-0.0017805624008178712,0.0006570482254028321,0.0006784582138061523,0.0001079559326171875,5.436897277832031e-05,-0.00016264915466308595,4.145145416259766e-05,-0.0003876972198486328,0.0008004283905029296,-0.0017706108093261718,0.0005565404891967774,-0.0006256437301635742,-0.00032856464385986326,0.0018661880493164062,-0.0020798540115356447,-0.001081991195678711,0.0015411615371704102,0.001963348388671875,0.00022443294525146485,-0.0024339914321899413,-0.0012623357772827148,-0.000704493522644043,0.0006952476501464844
72,0.00023825645446777345,-0.0005023002624511719,-0.0010304784774780274,0.0011423826217651367,0.0026808595657348633,-0.00011075973510742188,0.0,-0.0015948152542114259,0.00266573429107666,-0.0010394287109375,-0.0009521865844726563,-0.0011271762847900391,0.000908350944519043,-0.0007771921157836915,0.0005183219909667969,-0.0001436138153076172,-0.00010341644287109375,-0.0016345310211181641,0.002750568389892578,0.0003892374038696289,-0.0012287521362304688,-0.0007322216033935547,-0.00040091991424560545,-0.0005629205703735351,-0.0020088720321655273,-0.0010161304473876953,0.0007007169723510742,-0.00018018245697021485,0.0015676450729370118,-0.00011798381805419922,0.001358346939086914,-0.0004718494415283203,-0.0018744564056396484,-0.001398630142211914,0.0016806554794311524,-0.002160325050354004,-0.0008895301818847656,-6.033420562744141e-05,0.0010930728912353516,0.0009923553466796874,0.00039983272552490234,-0.0005171918869018555,-0.0006600093841552735,0.001525411605834961,0.0008737611770629883,-0.001097569465637207,-4.174709320068359e-05,-0.0015090036392211915,-0.0008346223831176757,-0.0006553792953491211,0.0005037164688110351,-0.0033750247955322264,2.5320053100585936e-06,0.0010039472579956054,-0.0008962202072143555,0.0014930963516235352,-0.00031586647033691404,0.002036242485046387,0.0005439519882202148,-0.0013675308227539063,-0.0004961061477661133,0.0003042936325073242,0.0009916830062866211,0.0020857858657836914,-0.002125892639160156,6.0706138610839845e-05,0.0005642461776733398,-7.81393051147461e-05,-9.578704833984375e-05,0.0006805181503295899,-0.0012179851531982423,0.0020851802825927732,-7.75289535522461e-05,-0.0008423805236816406,-0.001661510467529297,-0.0015119123458862305,-0.0024039649963378904,0.00027751922607421875,0.0009969472885131836,-0.0016110515594482421,0.0005148458480834961,0.0010835027694702148,0.0019096136093139648,-0.0014890813827514648,-0.000342402458190918,6.033420562744141e-05,-0.0016341495513916015,0.0015933513641357422,-0.0018041801452636718,-0.0027926969528198242,-0.002247781753540039,0.0008393526077270508,0.000708913803100586,0.0008298110961914063,0.0015639686584472657,0.00022863388061523438,-0.0021630191802978517,-0.00012877941131591797,0.0023357629776000976,0.0009311151504516602,-0.0012343549728393555,0.0005314826965332031,0.0023523759841918945,0.0007067966461181641,-0.002640380859375,-0.0018751955032348634,-0.0016952037811279296,-0.0005028724670410156,0.0005203390121459961,-0.0013823986053466796,0.0014481639862060547,-0.0004888677597045899,-0.001940298080444336,-0.0027465724945068357,-0.00394716739654541,-0.002447834014892578,-0.0005992746353149414,2.1200180053710938e-05,0.0005919122695922851,0.001652069091796875,-7.496833801269531e-05,0.000510258674621582,-0.0009431886672973633,0.0012380123138427735,-0.0002750682830810547,0.0030126190185546875,0.0007946157455444336,0.0003165721893310547,0.0005766820907592774,0.0011382198333740234,-0.0007406234741210938,0.00017769336700439452,0.0014252901077270509,0.0012239885330200195,0.0006762886047363281,0.002382988929748535,-0.00024351119995117188,0.0011679410934448242,0.0011940813064575196,-0.003040909767150879,0.0003637981414794922,-0.0035311365127563476,6.8378448486328124e-06,0.001632390022277832,0.00127960205078125,0.00018599510192871094,-0.0016346454620361328,-0.000519413948059082,0.0014138317108154297,-0.00020581722259521484
306,-0.0008234310150146484,-0.003102726936340332,-0.0021100091934204103,-0.0002740049362182617,-0.0025966787338256836,-0.0005359649658203125,-0.0015948152542114259,0.0,-0.00012152671813964844,-0.0021034669876098633,-0.0010471487045288087,0.00042699337005615236,-0.0005595016479492187,-0.0013052558898925782,-0.0018175697326660155,-0.001589946746826172,-0.0004370260238647461,-0.002840700149536133,-0.0012311315536499023,-0.00011899948120117188,-0.00044354915618896487,-0.0007847356796264649,-0.0013863849639892578,-0.0012685728073120117,-0.0019705724716186524,-0.0010557079315185547,0.0006574153900146485,4.191398620605469e-05,-0.0007468986511230468,-0.002452406883239746,-0.0019868707656860354,-0.0009818077087402344,-0.0019779253005981446,-0.0013262653350830079,-0.0008070230484008789,-0.0011538171768188477,-0.0009389734268188477,-0.00037528038024902343,-0.00025238037109375,-0.0006255054473876953,-0.001164407730102539,-0.0005466032028198242,-0.002284965515136719,0.0003511524200439453,-0.0004870748519897461,-0.001195073127746582,-0.0013541221618652345,-0.00211369514465332,-0.0024947357177734376,-0.0036211776733398437,-0.00024179458618164062,-0.002502179145812988,-0.0006200599670410156,0.00030405998229980467,-0.0015681695938110352,-0.0002677488327026367,-0.0015480566024780274,-0.0020007896423339844,-0.0009673166275024414,0.00041439056396484373,-0.0013421916961669923,-0.0003490638732910156,0.00015137672424316405,-0.00039136409759521484,-0.0009103107452392578,-0.0009971427917480468,-0.0006080961227416992,-0.0017581892013549805,-0.0012143182754516602,-0.0007486724853515625,-0.0005626296997070313,-0.000310673713684082,0.0001733255386352539,-0.003627939224243164,-0.002289028167724609,-0.0005954504013061523,-0.002479677200317383,0.0005893850326538086,6.252765655517578e-05,-0.0005356884002685547,-0.0006467723846435547,-0.001027674674987793,-0.0010431337356567383,-0.0023466968536376954,-0.00027802467346191404,-0.0013266611099243164,-0.0006229209899902343,-0.0008665227890014649,-0.0011474990844726563,-0.000444493293762207,-8.975982666015625e-05,-0.0007563638687133789,-0.0023270130157470705,-0.000933084487915039,-0.0006251049041748047,-0.0005072402954101562,-0.002795867919921875,-0.0014641427993774415,0.000514369010925293,-0.0010367250442504883,0.0002837085723876953,0.0002299785614013672,0.0009275293350219727,0.0007074546813964844,-0.001425161361694336,-0.0013218212127685547,-0.00034758567810058596,-0.0017476511001586915,-0.00035117149353027345,0.0004642009735107422,-0.0005376338958740234,-0.0003184700012207031,-0.0023134803771972657,-0.0019100332260131836,-0.00366182804107666,-0.0015022134780883789,-0.0007194137573242188,-0.0005379486083984375,0.00015922069549560548,0.00011553287506103515,-0.0009879016876220704,0.0008717155456542968,-0.002086429595947266,0.00013679981231689452,-0.0010786867141723633,-0.0007870864868164063,0.00018951892852783203,-0.0005601644515991211,-0.0004510211944580078,-6.91986083984375e-05,0.00019378662109375,0.0002022075653076172,-0.0005448770523071289,0.0005188274383544922,-0.0003939676284790039,-0.0011087369918823242,-0.002021808624267578,-0.001311039924621582,-0.00013470172882080079,-0.003465008735656738,0.0013163995742797852,-0.002199540138244629,-0.00048361778259277345,0.00020985126495361327,-0.0008093690872192382,-0.0009506464004516602,-0.0008683538436889648,-0.0006431388854980469,0.000530076026916504,-0.0006843280792236329
59,0.00010619163513183593,2.2139549255371094e-05,0.002263360023498535,-0.0014511013031005859,0.0013637876510620118,-0.00023726940155029296,0.00266573429107666,-0.00012152671813964844,0.0,-0.0015194177627563476,0.0011910009384155274,-0.003260965347290039,0.0023165655136108397,0.00022228240966796876,-0.00030031681060791013,0.0004385519027709961,0.00021801471710205077,-0.001695713996887207,0.002270798683166504,0.002675609588623047,0.0007186269760131836,0.0007541322708129883,-0.0011535310745239258,0.0017367744445800782,0.0011378574371337892,-0.0016922426223754882,-0.003015017509460449,0.003021402359008789,0.0007995128631591797,-0.0008394479751586914,0.00038933753967285156,-6.53076171875e-05,0.002594261169433594,0.002063608169555664,0.000848383903503418,-0.0009340429306030273,0.001812896728515625,-0.0009069013595581055,-0.0014904880523681642,-0.0021300506591796875,0.0016102361679077148,0.0002803945541381836,-0.0008193826675415039,0.0007506847381591797,-0.0009948110580444336,-0.0020101165771484377,-0.00012081146240234376,-0.0021231937408447265,-0.0009657478332519531,-0.0014602136611938476,0.0021505165100097656,-0.0002598285675048828,0.006442480087280274,0.0023051977157592775,0.00036592960357666014,0.0015966415405273438,-0.0006937408447265626,0.0013638448715209961,-0.002927565574645996,0.0011002874374389647,-0.00011321067810058593,0.0003768110275268555,-0.0008290624618530274,-0.001278057098388672,0.00075775146484375,-0.00037908077239990235,-0.0009522199630737305,-0.0009360361099243164,0.0008579492568969727,-0.0012392282485961914,0.0008531665802001953,0.001975884437561035,0.0022679662704467776,0.000760354995727539,0.0017824459075927734,-0.0011079549789428712,0.0009561872482299805,0.003229384422302246,0.0010072994232177735,-0.0006541204452514648,0.000354456901550293,0.0010207366943359374,-0.00021908283233642578,-0.0005229520797729492,-0.001674776077270508,0.0011389303207397462,0.0019400835037231446,0.000362706184387207,0.001065845489501953,-0.0013481855392456054,0.0034109258651733396,-0.00031548023223876954,-0.0008873462677001954,-0.0010991287231445312,-0.00047677040100097657,-0.002493410110473633,-0.0007459783554077149,-0.0003354263305664063,0.0021140050888061525,0.002574152946472168,0.0014312171936035156,-0.0014123725891113281,0.0010831451416015625,-0.0004329109191894531,0.001988954544067383,-0.000491490364074707,0.000258331298828125,-0.0004821348190307617,0.002228097915649414,-0.0003958272933959961,-0.0006244325637817383,0.0024281072616577147,6.091594696044922e-05,-0.0019905662536621096,0.001952800750732422,0.0020842218399047853,0.002758889198303223,-0.0001726245880126953,-0.0002692270278930664,0.00029279232025146483,0.0017187023162841797,0.002229576110839844,-0.00038558006286621094,-0.00023617744445800782,0.0015006017684936522,-0.0015418243408203125,0.0009347057342529297,0.00019181251525878906,0.0020152950286865235,-0.0002601003646850586,0.0005932426452636718,0.0006206274032592773,-0.0009023332595825195,0.0004197788238525391,0.0016486549377441406,-0.0009052896499633789,-2.7952194213867186e-05,-0.0002087736129760742,0.0010793781280517578,-0.0009226846694946289,0.0009722232818603516,-0.0008606624603271485,-0.0034442234039306643,0.0005352258682250977,0.000542759895324707,0.00408623218536377,0.0006106138229370117,0.0015918445587158204,0.0008568191528320313,0.0016951560974121094
233,-0.0004647970199584961,-0.0004885149002075195,-0.001723628044128418,-0.0018723964691162109,0.00101043701171875,0.0004336690902709961,-0.0010394287109375,-0.0021034669876098633,-0.0015194177627563476,0.0,0.0002254486083984375,-0.0017587852478027344,0.0012158584594726563,-0.0003524637222290039,0.00031226634979248047,-0.0007125091552734375,-1.5053749084472656e-05,-0.0021379613876342774,5.774974822998047e-05,0.0009729290008544922,0.0005082798004150391,-0.0006205081939697265,0.0003370475769042969,-0.0004830121994018555,-4.844188690185547e-05,-0.0001990652084350586,0.000826568603515625,0.0022936964035034178,0.0012897062301635742,-0.0001332569122314453,-0.0011787462234497071,-0.0008174943923950196,-0.0016467142105102538,-0.002604517936706543,0.0004784154891967773,-0.001310129165649414,0.000984482765197754,-0.00036243438720703127,0.001255350112915039,0.00041683197021484373,0.0002561330795288086,0.0008421659469604493,-0.0018921995162963867,0.0010273361206054688,-0.0013054990768432617,0.0004210948944091797,-2.7565956115722657e-05,-0.0021035242080688476,-0.0016180944442749023,-0.002434496879577637,0.0006616735458374024,-0.0004513263702392578,0.001056962013244629,0.001330089569091797,-0.002004542350769043,0.0013691282272338867,0.00024691104888916013,-0.0019460725784301758,-0.0008149528503417968,0.0030177640914916992,0.0004721832275390625,0.0001568126678466797,2.3398399353027344e-05,-0.0006848192214965821,-0.0004781913757324219,-4.825115203857422e-05,0.001002659797668457,7.580280303955078e-05,0.00037471771240234377,0.00011691093444824219,0.0008476591110229493,0.0013236665725708007,0.001410822868347168,-0.000471034049987793,-0.0012082242965698242,0.002236943244934082,-0.0009024477005004883,0.0009081888198852539,0.00015279293060302735,0.0007836771011352539,0.0009399700164794922,0.00030918598175048827,-0.0004374408721923828,-0.0004952621459960938,-0.0009136199951171875,-0.000758957862854004,9.272098541259765e-05,0.0014731359481811523,0.0010345268249511718,-0.0008845806121826171,0.0011038684844970703,0.0009548282623291016,-0.0021055316925048828,0.0005122184753417969,-0.000607762336730957,0.001050105094909668,-0.00027649402618408204,0.00033638477325439455,0.0020139408111572265,0.0015030717849731446,7.811069488525391e-05,0.00028290748596191404,0.0007672452926635742,-3.592491149902344e-05,-0.001271829605102539,-0.0013933801651000977,0.001503596305847168,-0.00178128719329834,0.0018964147567749024,0.0015750265121459962,0.0008966398239135743,0.00037325382232666015,-0.0016467809677124024,-0.0025230836868286133,-0.005056691169738769,-0.0003607749938964844,-0.0007703828811645507,0.000538640022277832,0.0007596635818481446,1.2950897216796875e-05,-0.00021291255950927734,0.00011660575866699218,-0.001295933723449707,0.0011071062088012695,-0.0032132816314697265,-6.723403930664062e-05,0.0011342811584472657,0.0004632377624511719,-0.00032566070556640627,0.0004640626907348633,0.0009580564498901367,0.0009935235977172852,0.0003314542770385742,0.0013247394561767577,0.0013629627227783204,0.000231781005859375,-0.0010784435272216796,-0.0006738615036010742,-0.0006928777694702148,-0.001441497802734375,0.0025620508193969728,-0.0017621421813964844,-0.0002904510498046875,0.00019184589385986327,0.0009763479232788086,0.0010958051681518555,-0.0013695573806762696,8.25643539428711e-05,6.038665771484375e-05,1.8177032470703124e-05
99,-0.0016774749755859375,-0.0009187793731689453,-7.1668624877929684e-06,-0.0034268379211425783,0.0008731603622436524,-2.9659271240234374e-06,-0.0009521865844726563,-0.0010471487045288087,0.0011910009384155274,0.0002254486083984375,0.0,-0.002039666175842285,0.0008001518249511719,-0.0016688156127929689,0.0003749275207519531,-0.0005168533325195313,-0.0015316486358642578,-0.00018498897552490234,0.001079883575439453,0.00030214786529541015,-0.0008931827545166016,0.000618138313293457,-0.0014286136627197266,-0.000594034194946289,-0.002104449272155762,-0.0014464998245239259,-0.0014862823486328125,0.0004833364486694336,0.0008434057235717773,-0.0014230871200561523,-0.0005874967575073242,-0.00038886070251464844,0.0006533145904541015,-0.0008432388305664063,-0.00030245780944824217,-0.0002290487289428711,0.0001901388168334961,-0.001612401008605957,-0.0017525386810302735,0.00020205974578857422,-0.0015516376495361328,-0.0010947370529174804,-0.0005082750320434571,0.0002155923843383789,-0.0010136651992797851,0.00023266315460205078,-0.0005684566497802735,-0.0016909599304199218,-0.0020787858963012694,-0.00032493114471435544,0.0003115510940551758,-0.002193150520324707,-0.00018011569976806641,0.0005057239532470703,-0.0009790563583374024,0.0001148509979248047,9.165287017822266e-05,0.0015053272247314454,-0.0010307884216308593,-0.0004921245574951172,0.0006958293914794922,-0.0012200593948364258,-0.00015172481536865234,0.0005054998397827148,0.0010659503936767578,-0.00039629459381103517,-0.0019535541534423826,-0.002285022735595703,4.0798187255859376e-05,-0.00026814460754394533,-0.001284785270690918,0.0014735841751098632,0.001305832862854004,-0.0005780601501464844,-6.286144256591797e-05,0.0008754920959472656,-0.0005272912979125976,-0.00045604705810546874,-2.3937225341796876e-05,-0.0007839679718017578,-0.00018544673919677736,0.00011975765228271485,-0.0004932212829589843,-0.0007977104187011719,-0.00010954856872558594,-0.0015313291549682616,-0.00022427082061767577,-0.00017431259155273438,-0.0017838001251220704,0.000384526252746582,-2.4323463439941405e-05,-0.0006529474258422851,0.0004857158660888672,0.00048438072204589846,-0.001136155128479004,0.00013371944427490235,-0.0018674755096435547,-0.0004993247985839844,0.0015822792053222657,0.001069812774658203,-0.0001747608184814453,6.346225738525391e-05,0.0010888051986694335,0.00040816307067871095,-0.00024845123291015623,-0.0009789466857910156,6.386280059814453e-05,0.00018826007843017578,-0.0003461790084838867,0.0004421138763427734,-7.122039794921876e-05,0.0010803890228271483,-0.0016564226150512695,-0.002100105285644531,0.0021300745010375977,-0.002196683883666992,0.0008365392684936523,-0.0004750680923461914,-0.0005689239501953124,0.00042975902557373046,0.0011591911315917969,-0.0015273618698120118,-0.00046236515045166015,-0.0006641101837158203,0.00016159534454345702,0.0006332731246948242,-0.00024227142333984374,0.00018825054168701173,-0.00027587890625,-0.0005093193054199218,-5.484104156494141e-05,0.0005119657516479493,-0.000507512092590332,-0.001028156280517578,0.0005110359191894531,-0.0004680395126342773,-0.0011234045028686523,-0.0012588644027709962,-0.0007747697830200195,-0.003724374771118164,-0.0010448503494262695,-0.0006196022033691407,0.00018518924713134766,0.0007100772857666016,0.0009123754501342774,0.0013916826248168946,-0.00010056972503662109,-0.00038330078125,-0.0007503604888916015,-0.0003383398056030273
